1517827
1490085
1350973
1350751
1341486
1296506
1176814
1145945
1048179
1038371
1031319
1008257
1002090
997764
991062
989727
983117
944956
930811
930653
922370
897733
894081
847528
846092
843271
837186
821602
818498
817148
808666
800658
793326
793351
733828
798340
813341
813339
739026
739021
734921
734919
734936
738993
738968
808911
738942
817864
738913
817840
817776
734862
734861
738844
817654
734885
734236
738782
734888
728157
738767
738766
738759
734892
728823
733812
733806
733800
729823
729821
729805
729815
729804
729801
729800
729795
729780
732649
733850
734753
734752
729790
729783
733853
734749
729776
734751
733841
729765
734747
729754
729759
729756
734745
733836
729751
729750
729742
729746
729732
738647
728839
734797
733813
731879
729721
734735
729705
731851
733790
738646
728797
728148
734684
734676
734673
734524
734523
734674
728147
734671
734679
734678
734672
734670
734669
734668
728828
728831
728815
728791
728834
734510
734509
728814
728776
728818
728145
728841
728792
729593
734572
728838
728830
728816
728812
728811
728808
728807
728800
728794
728146
728822
728806
728771
728805
728829
825956
728796
728795
728774
728793
728790
728142
728785
728784
728778
728777
728766
728772
728789
728786
728783
728779
728767
728765
728798
728782
734504
728775
728773
728770
728768
728763
731658
729491
729490
729487
738644
734631
734498
734494
734493
734484
734635
734502
734501
734499
734497
734496
734495
734490
734634
734491
734487
734480
734471
734470
734469
734467
734466
734632
734629
734492
738642
738641
734628
734626
734624
734623
734622
734488
734476
734485
734483
734618
734482
734479
734474
734477
734475
734465
734464
734463
734448
734451
733655
734462
734461
734457
734456
734453
734455
734383
728638
877450
734603
734454
734601
734449
734447
734437
734425
734444
734791
734446
734445
734439
734438
734441
730629
730619
734426
734790
734605
734604
734435
734434
734433
734432
734431
734428
734427
734342
734413
734405
734401
738640
738634
734424
734423
734422
734421
734419
734418
734417
734416
734414
734410
734388
734412
734411
734409
734408
734407
734406
734394
733648
877329
734404
734403
734400
734399
734398
734397
734396
734395
734380
734373
734597
734393
734390
734387
734376
738638
734381
734379
728531
738639
734592
734378
734370
734368
734371
734590
734372
734367
734360
734356
734369
734589
734587
734585
734582
734581
734362
734354
734348
734335
734349
734583
734580
734577
734576
734347
734346
734345
734344
734343
734341
734340
734336
734579
734578
734575
734574
734573
734382
734339
734338
734334
734332
734570
734429
734333
734565
738635
734320
738637
738636
734549
734546
730341
734548
730338
730336
730335
730328
734553
733627
730323
734552
734544
730313
733630
733617
730327
728385
728383
734292
730320
730315
734547
730309
734543
734528
730544
734540
734539
734537
734535
734534
734533
734531
730297
734529
728274
728229
734787
728230
734309
728201
738643
730289
728068
728004
874494
874491
810643
810642
810641
810640
734199
734198
734197
734196
734195
734194
734193
734192
734191
734190
734189
734188
734186
734185
734177
734176
734175
734174
734173
734172
734171
734170
734169
734168
734167
733895
733866
734166
734165
734164
734163
734162
734161
734160
734159
734158
734157
734156
734155
734154
734153
734152
734151
734150
734149
733865
733864
733854
733852
733839
733834
733833
733830
733827
733826
733819
733816
733793
733792
733780
734075
734074
734591
734588
734586
734584
734571
734569
734568
734567
734566
734564
734059
734058
734057
734053
734052
734051
734050
734049
734048
734047
734043
734039
734038
733468
733466
733465
734277
734276
734275
734274
734273
734272
734271
734270
734269
734268
733402
733639
733636
733632
733626
733625
733624
733623
733618
733598
733597
733720
733718
733714
733713
733711
733709
733708
733705
733698
733697
733676
733675
733671
733670
733669
733667
733665
733662
733661
733659
733658
733652
733649
733647
733646
733644
733643
733640
733747
733746
733728
733727
733725
733724
733723
733722
732716
732714
732644
732637
732636
732611
732565
732556
732544
732540
732523
732195
731992
731991
731990
731989
731988
731987
731986
731985
731984
731983
731980
731979
731974
731968
731967
731966
731963
731962
731961
731960
731958
731956
731955
731954
731953
731952
731950
731947
731946
731943
731940
731939
731938
731937
731935
731934
731933
731931
731930
731929
731928
731926
731923
731921
731920
731919
731918
731906
731904
731903
731902
731901
731900
731898
731897
731895
731894
731893
731892
731891
731890
731889
731888
731887
731885
731884
731881
731880
731876
731864
731863
731859
731858
731857
731856
731855
731854
731853
731852
731850
731849
731846
731844
731843
731842
731841
731840
731839
731838
731836
731835
731833
731832
731831
731830
731827
731825
731824
731822
731821
731820
731819
731818
731817
731812
731811
731810
731806
731805
731804
731802
731801
731800
731797
731796
731795
731794
731789
731788
731785
731784
731783
731782
731781
731780
731778
731777
731776
731774
731773
731772
731771
731770
731769
731768
731767
731765
731763
731761
731760
731759
731757
731754
731753
731750
731749
731747
731745
731744
731742
731741
731740
731739
731738
731737
731724
731723
731722
731721
731719
731717
731716
731713
731712
731708
731706
731705
731704
731703
731701
731700
731697
731696
731693
731691
731690
731689
731685
731684
731683
731682
731679
731672
731660
731659
731656
731653
731651
731650
731649
731648
731647
731646
731643
731642
731641
731639
731638
731636
731634
731633
731630
731629
731595
731594
731593
731592
731590
731587
731585
731582
731581
731578
731577
731576
731574
731572
731569
731568
731563
731562
731561
731559
731558
731557
731556
731552
731551
731549
731548
731545
731540
731539
731536
731535
731530
731527
731523
731522
731520
731519
731518
731516
731514
731513
731512
731510
731509
731507
731505
731504
731503
731500
731493
731492
731491
731489
731487
731486
731484
731482
731480
731479
731478
731477
731474
731471
731470
731468
731466
731465
731464
731463
731460
731459
731457
731455
731454
731451
731448
731447
731446
731445
731444
731442
731441
731438
731437
731435
731432
731430
731429
731427
731426
731424
731423
731422
731419
731417
731416
731415
731414
731413
731412
731410
731399
731398
731397
731396
731394
731393
731392
731391
731389
731388
731386
731385
731384
731382
731380
731379
731377
731374
731371
731369
731368
731367
731366
731364
731362
731360
731356
731354
731353
731352
731351
731350
731348
731347
731346
731345
731343
731342
731341
731339
731338
731335
731334
731331
731330
731328
731327
731325
731324
731323
731322
731321
731320
731308
731306
731305
731304
731303
731302
731301
731300
731299
731297
731296
731295
731294
731293
731292
731290
731288
731286
731284
731283
731282
731281
731280
731279
731278
731277
731275
731274
731273
731272
731271
731270
731269
731268
731267
731265
731264
731263
731262
731261
731260
731258
731257
731256
731255
731254
731253
731212
731211
731210
731208
731207
731206
731205
731204
731203
731201
730926
730916
730900
730894
730890
730888
730886
730878
730877
730870
730869
730868
730866
730865
730862
730861
730860
730859
730858
730856
730855
730852
730850
730849
730848
730846
730845
730842
730841
730840
730839
730838
730837
730836
730833
730832
730831
730830
730827
730826
730825
730824
730823
730822
730821
730820
730817
730816
730815
730814
730813
730812
730811
730810
730807
730804
730803
730801
730798
730796
730795
730794
730793
730792
730791
730788
730786
730785
730784
730783
730782
730781
730779
730778
730777
730775
730774
730773
730765
730764
730762
730761
730760
730759
730758
730757
730756
730755
730754
730753
730751
730750
730749
730748
730747
730746
730745
730744
730743
730742
730741
730740
730739
730738
730737
730736
730735
730734
730733
730732
730731
730730
730728
730727
730726
730725
730724
730721
730720
730719
730718
730717
730716
730715
730714
730713
730711
730710
730709
730708
730707
730705
730704
730703
730702
730691
730690
730688
730687
730685
730684
730683
730682
730681
730680
730679
730678
730677
730676
730675
730674
730673
730671
730670
730668
730667
730666
730665
730664
730663
730662
730660
730659
730658
730657
730655
730654
730653
730652
730651
730650
730649
730648
730647
730646
730645
730644
730643
730642
730641
730640
730639
730638
730637
730636
730635
730634
730633
730632
730631
730630
730628
730627
730626
730625
730624
730623
730622
730621
730620
730618
730617
730616
730615
730614
730613
730612
730610
730609
730608
730607
730605
730604
730603
730602
730600
730599
730598
730597
730596
730594
730593
730592
730591
730590
730589
730588
730587
730586
730585
730584
730583
730582
730581
730580
730579
730578
730577
730575
730574
730573
730572
730571
730570
730569
730568
730567
730565
730564
730563
730562
730561
730560
730559
730558
730557
730556
730555
730554
730553
730552
730551
730550
730549
730548
730547
730546
730543
730542
730541
730540
730539
730538
730537
730536
730535
730534
730533
730532
730531
730530
730529
730528
730527
730526
730525
730524
730522
730521
730520
730519
730518
730517
730516
730515
730514
730513
730512
730511
730510
730509
730508
730507
730506
730505
730504
730503
730502
730491
730490
730489
730488
730487
730486
730485
730484
730483
730482
730480
730479
730478
730477
730476
730474
730473
730472
730471
730470
730469
730468
730467
730466
730465
730464
730463
730462
730461
730459
730458
730457
730456
730455
730454
730453
730452
730451
730450
730449
730448
730447
730446
730445
730444
730443
730442
730441
730440
730439
730438
730437
730436
730435
730434
730433
730432
730431
730430
730429
730428
730427
730371
730368
730367
730366
730365
730364
730363
730360
730354
730351
730345
730337
730325
730426
730425
730423
730421
730420
730419
730418
730417
730415
730414
730413
730411
730410
730409
730408
730407
730403
730399
730392
730391
730386
730385
730384
730382
730381
730380
730379
730376
730375
730374
730373
730372
730267
730265
730264
730263
730262
730261
730259
730258
730257
730255
730307
730301
730296
730295
730294
730293
730292
730291
730290
730288
729745
729744
729738
729737
729736
729735
729734
729715
729706
729702
729793
729791
729789
729786
729775
729771
729758
729757
729834
729825
729817
729811
729872
729489
729484
729482
729480
729479
729478
729477
729471
729469
729468
729467
729466
729465
729464
729463
729462
729461
729455
729449
729447
729445
729444
729443
729425
729424
729423
729422
729419
729418
729416
729409
729535
729533
729532
729528
729525
729524
729523
729506
729496
729699
729698
729697
729696
729695
729693
729688
729685
729681
729680
729679
729672
729666
729655
729649
729407
729403
729398
729392
729391
729390
729389
729386
729383
730496
730495
730494
730493
730492
729589
729580
729577
729575
729574
729573
729572
729570
729568
729566
729565
729564
729560
729558
729557
729556
729555
729554
729550
729549
729548
729542
729539
729538
729359
729358
729349
729348
729344
729343
729336
729332
729646
729631
729630
729628
729626
729617
729616
729613
729611
729610
729609
729605
729599
729326
729325
729321
729320
729319
729317
729313
729310
729309
729307
729294
729293
729292
733191
728919
728918
728917
728916
728915
728914
728913
728912
728911
728910
728909
728908
728907
728906
728905
728904
728903
728902
728901
728900
728899
728898
728897
728896
728895
728894
728893
728892
728891
728890
728889
728888
728887
728886
728885
728884
728883
728882
728881
728880
728879
728878
728877
728876
728875
728874
728873
728872
728871
728870
728869
728868
728867
728866
728865
728864
728863
728862
728861
728860
728859
728858
728857
728856
728855
728854
728853
728852
728851
728850
728849
728848
728847
728846
728844
728843
728842
728835
728833
728832
728824
728821
728804
728803
728801
728788
728787
728781
728780
728769
728764
728762
728761
728760
728759
728758
728757
728756
728755
728754
728753
728752
728751
728750
728749
728748
728747
728746
728745
728744
728743
728742
728741
728740
728739
728738
728737
728736
728735
728734
728733
728732
728731
728730
728729
728728
728727
728726
728725
728724
728723
728722
728721
728720
728719
728718
728717
728716
728715
728714
728713
728702
728701
728700
728699
728698
728697
728696
728695
728694
728693
728692
728691
728690
728689
728688
728687
728686
728685
728684
728683
728682
728681
728680
728679
728678
728677
728676
728675
728674
728673
728672
728671
728670
728669
728668
728667
728666
728665
728664
728663
728662
728661
728660
728659
728658
728657
728656
728655
728654
728653
728652
728651
728650
728649
728648
728647
728646
728645
728644
728643
728642
728641
728640
728639
728637
728636
728635
728634
728633
728632
728631
728630
728629
728628
728627
728626
728625
728624
728623
728622
728621
728620
728619
728618
728617
728616
728615
728614
728613
728612
728600
728599
728598
728597
728596
728595
728594
728593
728592
728591
728590
728589
728588
728587
728586
728585
728584
728583
728582
728581
728568
728567
728566
728565
728564
728563
728562
728561
728560
728559
728558
728557
728556
728555
728554
728553
728552
728551
728550
728549
728548
728547
728546
728545
728544
728543
728542
728541
728540
728539
728538
728537
728536
728535
728534
728533
728532
728530
728529
728528
728527
728526
728525
728524
728523
728522
728521
728520
728519
728518
728517
728516
728515
728514
728513
728512
728511
728510
728509
728508
728507
728506
728505
728504
728503
728502
728501
728500
728499
728498
728497
728496
728495
728494
728493
728492
728491
728490
728489
728488
728487
728486
728485
728484
728483
728482
728481
728480
728479
728478
728477
728476
728475
728474
728473
728472
728471
728470
728469
728468
728467
728466
728465
728464
728463
728462
728461
728460
728459
728458
728457
728456
728455
728454
728453
728452
728451
728450
728449
728448
728447
728446
728445
728444
728443
728442
728441
728440
728439
728438
728437
728436
728435
728434
728433
728432
728431
728430
728429
728428
728427
728426
728425
728424
728423
728421
728420
728419
728418
728417
728416
728415
728414
728413
728412
728411
728410
728409
728408
728407
728406
728405
728404
728403
728402
728401
728400
728399
728398
728397
728396
728395
728394
728393
728392
728391
728390
728389
728388
728387
729253
729248
729247
729245
729244
728374
728373
728372
728371
728370
728369
728368
728367
728366
728365
728364
728363
728362
728361
728360
728359
728358
728357
728356
728355
728354
728353
728352
728351
728350
728349
728348
728347
728346
728345
728344
728343
728342
728341
728340
728339
728338
728337
728336
728335
728334
728333
728332
728331
728330
728329
728328
728327
728326
728325
728324
728323
728322
728321
728320
728319
728318
728317
728316
728315
728314
728313
728312
728311
728310
728309
728308
728307
728306
728305
728304
728303
728302
728301
728300
728299
728298
728297
728296
728295
728294
728293
728292
728291
728290
728289
728288
728287
728286
728285
728284
728283
728282
728281
728280
728279
728278
728277
728276
728275
728263
728262
728261
728260
728259
728258
728257
728256
728255
728254
728253
728252
728251
728250
728249
728248
728247
728246
728245
728244
728243
728242
728241
728240
728239
728238
728237
728236
728235
728234
728233
728232
728231
728228
728227
728226
728225
728224
728223
728222
728221
728220
728219
728218
728217
728216
728215
728214
728213
728212
728211
728210
728209
728208
728207
728206
728205
728204
728203
728202
728200
728199
728198
728197
728196
728195
728194
728193
728192
728191
728190
728189
728188
728187
728186
728185
728184
728183
728182
728181
728180
728179
728178
728177
728176
728175
728174
728173
728172
728171
728170
728169
728168
728167
728166
728165
728164
728149
728141
728140
728139
728138
728137
728136
728135
728134
728133
728132
728131
728130
728129
728128
728127
728126
728125
728124
728123
728122
728121
728120
728119
728118
728117
728116
728115
728114
728113
728112
728111
728110
728109
728108
728107
728106
728105
728104
728103
728102
728101
728100
728099
728098
728097
728096
728095
728094
728093
728092
728091
728090
728089
728088
728087
728086
728085
728084
728083
728082
728081
728080
728079
728078
728077
728076
728075
728074
728073
728072
728071
728070
728058
728057
728056
728055
728054
728053
728052
728051
728050
728049
728048
728047
728046
728045
728044
728043
728042
728041
728040
728039
728038
728037
728036
728035
728034
728033
728032
728031
728030
728029
728028
728027
728026
728025
728024
728023
728022
728021
728020
728019
728018
728017
728016
728015
728014
728013
728012
728011
728010
728009
728008
728007
728006
728005
728003
728002
729255
729243
729242
729240
729237
729236
729235
729234
729231
729229
729226
729206
729205
729204
729203
729202
729201
729200
729199
729197
729196
729191
729190
729188
729184
729183
728960
728944
728943
728927
728926
728925
728924
728923
728922
728921
728920
729288
729287
729284
729274
729271
729269
729264
729263
729259
729258
729257
729256
729064
810639
810623
810622
810621
810620
810619
810599
810598
810597
810596
810595
810594
810593
810592
810591
810580
810579
810578
810544
810543
810542
810541
810540
810539
810537
810536
810535
808922
803542
802621
801596
734799
734798
734796
734795
734794
734793
734792
734789
734788
734750
734748
734746
734743
734742
734741
734740
734739
734738
734737
734736
734734
734733
734732
734731
734730
734729
734712
734711
734710
734709
734708
734707
734706
734705
734704
734703
734702
734701
734700
734699
734698
734697
734696
734695
734694
734693
734692
734691
734690
734689
734688
734687
734686
734685
734683
734682
734681
734680
734677
734675
734667
734666
734665
734664
734663
734662
734661
734660
734659
734658
734657
734656
734655
734654
734653
734652
734651
734650
734649
734648
734647
734646
734645
734644
734643
734642
734641
734640
734639
734638
734637
734636
734633
734630
734627
734625
734621
734620
734617
734612
734611
734608
734606
734596
734562
734561
734560
734559
734558
734557
734556
734551
734550
734545
734541
734538
734532
734525
734521
734520
734519
734518
734517
734516
734515
734514
734513
734512
734511
734508
734507
734506
734505
734503
734500
734489
734486
734481
734478
734473
734472
734460
734459
734458
734452
734450
734442
734440
734415
734402
734392
734391
734389
734386
734384
734377
734375
734374
734366
734365
734364
734363
734361
734359
734358
734357
734355
734353
734352
734351
734350
734337
734331
734330
734329
734328
734327
734326
734325
734324
734323
734322
734321
734319
734318
734317
734316
734315
734314
734313
734312
734311
734310
734308
734307
734306
734305
734304
734303
734302
734301
734300
734299
734298
734297
734296
734295
734294
734293
734291
734290
734289
734288
734287
734286
734285
734284
734283
734282
734281
734280
734279
734278
734267
734266
734265
734264
734263
734262
734261
734260
734259
