1747784
1747553
1742550
1680374
1663669
1660893
1517827
1490085
1373529
1350973
1350751
1341486
1296506
1260258
1248306
1176814
1152709
1145945
1131032
1125830
1106743
1101113
1095386
1073954
1070057
1067213
1066099
1048179
1045232
1041120
1038529
1038371
1031319
1031206
1030158
1029592
1008257
1006365
1003989
1004693
1002090
997764
996591
991062
989762
989727
983530
983117
970077
957999
955480
953019
952595
944956
942069
938112
937675
934576
930811
930661
930653
929693
929389
928906
928901
924053
922370
918499
916417
916456
913226
913188
909272
903931
899406
897733
894081
890772
884562
873506
853045
851065
847528
846092
846074
843290
843271
838777
838554
837186
831048
826281
823421
823211
821602
818498
817148
815774
820928
816791
816729
810995
811038
808666
807941
805923
805378
804576
807518
804181
802024
798871
800690
800213
800658
795548
795526
795284
794040
793326
793351
793390
790671
790404
790387
790314
786578
786355
786265
792856
793125
784895
784967
784407
782621
783357
733828
772125
772176
798336
798340
813341
813339
731671
739026
739021
734921
734919
734936
738993
800166
738968
807579
808911
738942
817864
815090
780800
738913
780781
780745
817840
817776
817771
817766
734862
734861
738844
817654
734885
730121
734236
738782
733845
734888
728157
738767
738766
738759
728156
728151
734892
738746
733641
733541
733614
733519
733886
733875
728823
733787
733812
733806
733800
733786
729823
729821
731678
729820
729819
729818
729518
733176
732038
729814
729813
729808
729807
729805
733181
729815
729809
729810
733177
733174
729804
733861
733860
733858
733856
731981
731978
731976
731972
731971
729816
729812
729803
729802
729801
729800
729798
729713
729799
729795
729780
732649
729792
732653
732658
733850
733848
734753
734752
729790
729783
729782
733853
730885
734749
733847
733842
732654
729781
729779
729776
734751
733849
733843
733841
733846
733844
731941
729774
729768
729765
734747
729766
733851
733838
729754
729759
729756
734745
733836
729751
729750
874856
731922
729742
729743
729746
729732
733832
733822
738647
729728
728839
733818
733799
733796
734797
732572
729722
729720
729718
733815
733814
733813
733811
733810
733809
733807
733804
731886
731882
731879
731878
731877
731875
731874
731873
731871
729723
729721
729717
729716
734735
729700
733808
733805
733802
733801
733784
733467
731872
731870
731869
731868
731867
731866
731862
731861
731860
729714
729712
729711
729710
729709
729708
729707
729705
729691
731851
729694
733795
733790
738646
729686
728797
728148
734684
734676
734673
734524
734523
734674
728147
730266
734671
734679
734678
734672
734670
734669
729659
731809
731807
731798
734668
733779
733778
733777
733775
733774
733773
733772
733771
733770
733769
733768
733767
733766
733765
733763
733762
733761
733759
733757
733756
733754
733753
733752
733751
733750
733749
733748
729661
729660
729657
729654
729653
729639
728828
728831
728815
728791
728834
733745
733744
733743
733742
733740
733739
733738
733736
733735
733734
733733
733732
733731
733729
731793
731792
731791
731790
731787
731786
730819
730818
729650
729648
729647
729645
729644
729643
729642
729641
729640
729638
729637
729636
729635
729634
729633
729632
734510
734509
728814
728776
729530
728818
731698
728145
733712
728841
729596
729585
729607
728792
733716
729593
729584
734572
731699
728838
728830
728816
728812
728811
728808
728807
728800
728794
728146
729507
728822
731702
728806
729519
729505
728771
728805
732579
729536
729534
729531
728829
729544
732574
730766
729527
729522
729517
729516
729514
729512
729510
729508
825956
728796
728795
734065
728774
733710
729529
729497
729503
732578
729515
728793
728790
733699
728142
732576
732575
731694
728785
728784
728778
728777
728766
732567
728772
729526
732581
732577
732569
731680
729521
729509
728789
728786
728783
728779
728767
728765
732568
729504
732573
729513
730763
732580
731707
731692
733703
728798
733702
733701
733700
731695
731687
729520
729493
728782
734504
729495
733696
733695
733694
733693
733690
733689
733687
733683
732570
731688
731686
731681
731677
731676
731675
731674
731673
731670
731669
731665
731657
731655
731645
729511
729502
729501
729500
729498
728775
728773
728770
728768
728763
733692
733691
733688
733686
733685
733684
733682
733681
733680
733679
733678
733677
731668
731658
730752
729491
729490
729488
729487
729486
729485
729499
729494
729492
729366
738644
734631
734498
734494
734493
734484
734468
734635
734502
734501
734499
734497
734496
734495
734490
733666
729435
734634
734491
734487
734480
734471
734470
734469
734467
734466
734632
734629
734492
731575
738642
738641
734628
734626
734624
734623
734622
734488
734476
734485
734483
734618
734616
734482
734614
734613
734479
734474
734619
734615
734477
734610
734475
734465
734464
734463
733664
733660
734448
730481
730475
734451
730416
733657
733655
733653
733650
734462
734461
734457
734456
734453
734455
734383
731502
731499
731497
731496
731494
729369
728638
877450
734603
734454
729373
729372
729371
729370
729368
729367
729365
729364
729363
729351
734609
734601
734449
734447
734437
734425
734444
734791
734446
734445
729352
734439
734438
734443
734441
730629
730619
730611
730606
730595
734426
734790
734605
734604
734602
734435
734434
734433
734432
734431
734428
734427
734342
730576
734413
734405
734401
730566
738640
738634
734555
734424
734423
734422
734421
734419
734418
734417
734416
734414
734410
734388
734598
734600
734412
734411
734409
734408
734407
734406
734394
733648
877329
734404
734403
734400
734399
734398
734397
734396
734395
734380
734373
734595
734599
734597
734594
734393
734390
734387
734376
729290
738638
734381
734379
734593
729299
728531
738639
734592
734378
734370
734368
734371
730424
730422
734590
734372
734367
734360
734356
734369
734589
734587
734585
734582
734581
734362
734354
734348
734335
734349
734583
734580
734577
734576
734347
734346
734345
734344
734343
734341
734340
734336
730412
734579
734578
734575
734574
734573
734382
734339
734338
734334
734332
730406
730405
730404
730402
730401
730400
730398
730397
730396
730395
730394
730393
730390
730378
734570
734429
734333
730388
730387
730370
730369
730361
730355
734565
730377
738635
734320
730362
730359
730357
730356
730353
730352
730350
730349
730348
730347
730346
730343
730340
730298
803212
730358
738637
738636
730342
734549
734546
730341
730339
734548
730338
730336
730335
730333
730328
730330
730329
734553
733638
733637
733628
733627
730334
730323
730321
730317
734552
734544
730313
733634
733633
733630
733621
733620
733619
733617
733616
730327
730326
730324
728385
728383
734292
730320
730319
730318
730316
730315
730314
734547
730322
730311
730310
730309
730308
734543
734528
730312
730331
730306
730305
730304
730303
730302
730300
730299
730544
734540
734539
734537
734535
734534
734533
734531
734530
730297
734529
728274
734527
734526
728229
734787
733615
733613
728230
734309
728201
730287
730286
730285
738643
730289
728068
728004
875279
875191
874494
874491
810643
810642
810641
810640
734199
734198
734197
734196
734195
734194
734193
734192
734191
734190
734189
734188
734186
734185
734177
734176
734175
734174
734173
734172
734171
734170
734169
734168
734167
733895
733870
733867
733866
734166
734165
734164
734163
734162
734161
734160
734159
734158
734157
734156
734155
734154
734153
734152
734151
734150
734149
733865
733864
733862
733859
733857
733855
733854
733852
733840
733839
733837
733835
733834
733833
733830
733829
733827
733826
733825
733824
733823
733821
733820
733819
733817
733816
733803
733798
733797
733794
733793
733792
733791
733789
733788
733785
733783
733782
733781
733780
733776
734103
734102
734101
734100
734099
734098
734097
734096
734095
734094
734093
734092
734090
734089
734088
734087
734086
734085
734084
734083
734082
734081
734080
734079
734078
734077
734076
734075
734074
734073
734072
734071
734591
734588
734586
734584
734571
734569
734568
734567
734566
734564
734059
734058
734057
734056
734055
734054
734053
734052
734051
734050
734049
734048
734047
734046
734045
734044
734043
734042
734041
734040
734039
734038
734037
734031
733468
733466
733465
734277
734276
734275
734274
734273
734272
734271
734270
734269
734268
733402
733372
733639
733636
733635
733632
733631
733629
733626
733625
733624
733623
733622
733618
733602
733601
733600
733599
733598
733597
733720
733719
733718
733717
733715
733714
733713
733711
733709
733708
733707
733705
733704
733698
733697
733676
733675
733674
733673
733672
733671
733670
733669
733668
733667
733665
733663
733662
733661
733659
733658
733656
733654
733652
733651
733649
733647
733646
733645
733644
733643
733642
733640
733764
733760
733758
733755
733747
733746
733741
733737
733730
733728
733727
733726
733725
733724
733723
733722
733721
732795
732761
732755
732741
732722
732719
732716
732714
732712
732695
732690
732662
732661
732660
732659
732657
732656
732655
732652
732651
732650
732648
732647
732646
732645
732644
732643
732642
732641
732640
732639
732638
732637
732636
732635
732634
732633
732632
732631
732630
732629
732628
732627
732626
732625
732624
732623
732622
732621
732620
732619
732618
732617
732616
732615
732614
732613
732612
732611
732610
732609
732608
732607
732606
732604
732603
732601
732599
732597
732596
732595
732594
732593
732592
732591
732590
732589
732588
732587
732584
732583
732582
732571
732566
732565
732564
732563
732562
732561
732560
732559
732558
732557
732556
732555
732554
732553
732552
732551
732550
732549
732548
732547
732546
732545
732544
732543
732542
732541
732540
732539
732538
732537
732536
732535
732534
732533
732532
732531
732530
732529
732528
732527
732526
732525
732524
732523
732448
732447
732446
732445
732444
732443
732442
732258
732195
732138
732131
732105
732077
732071
732068
732047
732041
731992
731991
731990
731989
731988
731987
731986
731985
731984
731983
731982
731980
731979
731977
731975
731974
731973
731970
731969
731968
731967
731966
731965
731964
731963
731962
731961
731960
731959
731958
731957
731956
731955
731954
731953
731952
731951
731950
731949
731948
731947
731946
731945
731944
731943
731942
731940
731939
731938
731937
731936
731935
731934
731933
731932
731931
731930
731929
731928
731927
731926
731925
731924
731923
731921
731920
731919
731918
731917
731906
731905
731904
731903
731902
731901
731900
731899
731898
731897
731895
731894
731893
731892
731891
731890
731889
731888
731887
731885
731884
731883
731881
731880
731876
731865
731864
731863
731859
731858
731857
731856
731855
731854
731853
731852
731850
731849
731848
731847
731846
731845
731844
731843
731842
731841
731840
731839
731838
731837
731836
731835
731834
731833
731832
731831
731830
731829
731828
731827
731826
731825
731824
731822
731821
731820
731819
731818
731817
731816
731815
731814
731813
731812
731811
731810
731808
731806
731805
731804
731803
731802
731801
731800
731799
731797
731796
731795
731794
731789
731788
731785
731784
731783
731782
731781
731780
731779
731778
731777
731776
731775
731774
731773
731772
731771
731770
731769
731768
731767
731766
731765
731764
731763
731761
731760
731759
731757
731756
731755
731754
731753
731752
731751
731750
731749
731748
731747
731746
731745
731744
731743
731742
731741
731740
731739
731738
731737
731736
731735
731724
731723
731722
731721
731720
731719
731717
731716
731715
731713
731712
731711
731710
731709
731708
731706
731705
731704
731703
731701
731700
731697
731696
731693
731691
731690
731689
731685
731684
731683
731682
731679
731672
731667
731666
731664
731663
731662
731661
731660
731659
731656
731654
731653
731652
731651
731650
731649
731648
731647
731646
731644
731643
731642
731641
731640
731639
731638
731637
731636
731635
731634
731633
731632
731631
731630
731629
731628
731627
731626
731625
731624
731623
731622
731621
731620
731619
731618
731617
731616
731605
731604
731603
731602
731601
731600
731599
731598
731597
731596
731595
731594
731593
731592
731591
731590
731589
731588
731587
731586
731585
731584
731583
731582
731581
731580
731579
731578
731577
731576
731574
731573
731572
731571
731570
731569
731568
731567
731566
731565
731564
731563
731562
731561
731560
731559
731558
731557
731556
731555
731554
731553
731552
731551
731550
731549
731548
731547
731546
731545
731544
731543
731542
731541
731540
731539
731538
731537
731536
731535
731534
731533
731532
731531
731530
731529
731528
731527
731526
731525
731524
731523
731522
731521
731520
731519
731518
731517
731516
731515
731514
731513
731512
731511
731510
731509
731508
731507
731506
731505
731504
731503
731501
731500
731498
731495
731493
731492
731491
731490
731489
731488
731487
731486
731485
731484
731483
731482
731481
731480
731479
731478
731477
731476
731475
731474
731473
731472
731471
731470
731469
731468
731467
731466
731465
731464
731463
731462
731461
731460
731459
731458
731457
731456
731455
731454
731453
731452
731451
731450
731449
731448
731447
731446
731445
731444
731443
731442
731441
731440
731439
731438
731437
731436
731435
731434
731433
731432
731431
731430
731429
731428
731427
731426
731425
731424
731423
731422
731421
731420
731419
731418
731417
731416
731415
731414
731413
731412
731411
731410
731399
731398
731397
731396
731395
731394
731393
731392
731391
731390
731389
731388
731387
731386
731385
731384
731383
731382
731381
731380
731379
731378
731377
731376
731375
731374
731373
731372
731371
731370
731369
731368
731367
731366
731365
731364
731363
731362
731361
731360
731359
731358
731357
731356
731355
731354
731353
731352
731351
731350
731349
731348
731347
731346
731345
731344
731343
731342
731341
731340
731339
731338
731337
731336
731335
731334
731333
731332
731331
731330
731329
731328
731327
731326
731325
731324
731323
731322
731321
731320
731309
731308
731307
731306
731305
731304
731303
731302
731301
731300
731299
731298
731297
731296
731295
731294
731293
731292
731291
731290
731289
731288
731287
731286
731285
731284
731283
731282
731281
731280
731279
731278
731277
731276
731275
731274
731273
731272
731271
731270
731269
731268
731267
731266
731265
731264
731263
731262
731261
731260
731259
731258
731257
731256
731255
731254
731253
731212
731211
731210
731209
731208
731207
731206
731205
731204
731203
731202
731201
731200
731069
730926
730916
730915
730914
730913
730912
730911
730910
730909
730908
730907
730906
730905
730904
730902
730901
730900
730899
730898
730896
730895
730894
730893
730892
730891
730890
730889
730888
730886
730884
730883
730882
730881
730880
730879
730878
730877
730876
730875
730874
730873
730872
730871
730870
730869
730868
730867
730866
730865
730864
730863
730862
730861
730860
730859
730858
730856
730855
730854
730853
730852
730851
730850
730849
730848
730847
730846
730845
730844
730843
730842
730841
730840
730839
730838
730837
730836
730835
730834
730833
730832
730831
730830
730829
730828
730827
730826
730825
730824
730823
730822
730821
730820
730817
730816
730815
730814
730813
730812
730811
730810
730809
730808
730807
730806
730805
730804
730803
730802
730801
730800
730799
730798
730797
730796
730795
730794
730793
730792
730791
730790
730789
730788
730787
730786
730785
730784
730783
730782
730781
730780
730779
730778
730777
730775
730774
730773
730771
730770
730769
730768
730767
730765
730764
730762
730761
730760
730759
730758
730757
730756
730755
730754
730753
730751
730750
730749
730748
730747
730746
730745
730744
730743
730742
730741
730740
730739
730738
730737
730736
730735
730734
730733
730732
730731
730730
730729
730728
730727
730726
730725
730724
730723
730722
730721
730720
730719
730718
730717
730716
730715
730714
730713
730712
730711
730710
730709
730708
730707
730706
730705
730704
730703
730702
730691
730690
730689
730688
730687
730686
730685
730684
730683
730682
730681
730680
730679
730678
730677
730676
730675
730674
730673
730672
730671
730670
730669
730668
730667
730666
730665
730664
730663
730662
730661
730660
730659
730658
730657
730656
730655
730654
730653
730652
730651
730650
730649
730648
730647
730646
730645
730644
730643
730642
730641
730640
730639
730638
730637
730636
730635
730634
730633
730632
730631
730630
730628
730627
730626
730625
730624
730623
730622
730621
730620
730618
730617
730616
730615
730614
730613
730612
730610
730609
730608
730607
730605
730604
730603
730602
730600
730599
730598
730597
730596
730594
730593
730592
730591
730590
730589
730588
730587
730586
730585
730584
730583
730582
730581
730580
730579
730578
730577
730575
730574
730573
730572
730571
730570
730569
730568
730567
730565
730564
730563
730562
730561
730560
730559
730558
730557
730556
730555
730554
730553
730552
730551
730550
730549
730548
730547
730546
730543
730542
730541
730540
730539
730538
730537
730536
730535
730534
730533
730532
730531
730530
730529
730528
730527
730526
730525
730524
730523
730522
730521
730520
730519
730518
730517
730516
730515
730514
730513
730512
730511
730510
730509
730508
730507
730506
730505
730504
730503
730502
730491
730490
730489
730488
730487
730486
730485
730484
730483
730482
730480
730479
730478
730477
730476
730474
730473
730472
730471
730470
730469
730468
730467
730466
730465
730464
730463
730462
730461
730459
730458
730457
730456
730455
730454
730453
730452
730451
730450
730449
730448
730447
730446
730445
730444
730443
730442
730441
730440
730439
730438
730437
730436
730435
730434
730433
730432
730431
730430
730429
730428
730427
730157
730371
730368
730367
730366
730365
730364
730363
730360
730354
730351
730345
730337
730325
730426
730425
730423
730421
730420
730419
730418
730417
730415
730414
730413
730411
730410
730409
730408
730407
730403
730399
730392
730391
730389
730386
730385
730384
730382
730381
730380
730379
730376
730375
730374
730373
730372
730275
730268
730267
730265
730264
730263
730262
730261
730260
730259
730258
730257
730255
730254
730251
730307
730301
730296
730295
730294
730293
730292
730291
730290
730288
732932
730060
730033
729755
729753
729752
729748
729747
729745
729744
729741
729740
729739
729738
729737
729736
729735
729734
729731
729727
729726
729725
729724
729719
729715
729706
729704
729703
729702
729965
729959
729946
729797
729796
729794
729793
729791
729789
729788
729787
729786
729778
729777
729775
729773
729772
729771
729770
729769
729767
729764
729763
729761
729760
729758
729757
729844
729840
729834
729828
729825
729817
729811
729806
729876
729872
729858
729924
729489
729484
729483
729482
729481
729480
729479
729478
729477
729476
729475
729474
729473
729472
729471
729470
729469
729468
729467
729466
729465
729464
729463
729462
729461
729460
729459
729458
729457
729456
729455
729454
729453
729452
729451
729450
729449
729448
729447
729446
729445
729444
729443
729442
729441
729429
729428
729427
729426
729425
729424
729423
729422
729421
729420
729419
729418
729417
729416
729415
729414
729413
729412
729411
729410
729409
729408
729537
729535
729533
729532
729528
729525
729524
729523
729506
729496
729701
729699
729698
729697
729696
729695
729693
729692
729690
729689
729688
729687
729685
729684
729683
729682
729681
729680
729679
729678
729677
729676
729675
729674
729673
729672
729671
729670
729669
729668
729667
729666
729665
729664
729663
729662
729658
729656
729655
729652
729651
729649
729407
729406
729405
729404
729403
729402
729401
729400
729399
729398
729397
729396
729395
729394
729393
729392
729391
729390
729389
729388
729387
729386
729385
729384
729383
729382
730496
730495
730494
730493
730492
729594
729592
729591
729590
729589
729588
729583
729581
729580
729579
729578
729577
729576
729575
729574
729573
729572
729571
729570
729568
729566
729565
729564
729562
729561
729560
729558
729557
729556
729555
729554
729552
729551
729550
729549
729548
729547
729546
729545
729542
729539
729538
729362
729361
729360
729359
729358
729357
729356
729355
729354
729353
729350
729349
729348
729347
729346
729345
729344
729343
729342
729341
729340
729339
729338
729337
729336
729335
729334
729333
729332
729646
729631
729630
729629
729628
729627
729626
729625
729624
729623
729622
729621
729620
729619
729618
729617
729616
729615
729614
729613
729612
729611
729610
729609
729608
729606
729605
729604
729603
729602
729601
729600
729599
729598
729331
729330
729329
729328
729327
729326
729325
729324
729323
729322
729321
729320
729319
729318
729317
729316
729315
729314
729313
729312
729311
729310
729309
729308
729307
729295
729294
729293
729292
733319
733301
733256
733214
733209
733196
733191
733182
733180
733179
733178
733175
733173
728919
728918
728917
728916
728915
728914
728913
728912
728911
728910
728909
728908
728907
728906
728905
728904
728903
728902
728901
728900
728899
728898
728897
728896
728895
728894
728893
728892
728891
728890
728889
728888
728887
728886
728885
728884
728883
728882
728881
728880
728879
728878
728877
728876
728875
728874
728873
728872
728871
728870
728869
728868
728867
728866
728865
728864
728863
728862
728861
728860
728859
728858
728857
728856
728855
728854
728853
728852
728851
728850
728849
728848
728847
728846
728844
728843
728842
728835
728833
728832
728824
728821
728804
728803
728801
728788
728787
728781
728780
728769
728764
728762
728761
728760
728759
728758
728757
728756
728755
728754
728753
728752
728751
728750
728749
728748
728747
728746
728745
728744
728743
728742
728741
728740
728739
728738
728737
728736
728735
728734
728733
728732
728731
728730
728729
728728
728727
728726
728725
728724
728723
728722
728721
728720
728719
728718
728717
728716
728715
728714
728713
728702
728701
728700
728699
728698
728697
728696
728695
728694
728693
728692
728691
728690
728689
728688
728687
728686
728685
728684
728683
728682
728681
728680
728679
728678
728677
728676
728675
728674
728673
728672
728671
728670
728669
728668
728667
728666
728665
728664
728663
728662
728661
728660
728659
728658
728657
728656
728655
728654
728653
728652
728651
728650
728649
728648
728647
728646
728645
728644
728643
728642
728641
728640
728639
728637
728636
728635
728634
728633
728632
728631
728630
728629
728628
728627
728626
728625
728624
728623
728622
728621
728620
728619
728618
728617
728616
728615
728614
728613
728612
728600
728599
728598
728597
728596
728595
728594
728593
728592
728591
728590
728589
728588
728587
728586
728585
728584
728583
728582
728581
728568
728567
728566
728565
728564
728563
728562
728561
728560
728559
728558
728557
728556
728555
728554
728553
728552
728551
728550
728549
728548
728547
728546
728545
728544
728543
728542
728541
728540
728539
728538
728537
728536
728535
728534
728533
728532
728530
728529
728528
728527
728526
728525
728524
728523
728522
728521
728520
728519
728518
728517
728516
728515
728514
728513
728512
728511
728510
728509
728508
728507
728506
728505
728504
728503
728502
728501
728500
728499
728498
728497
728496
728495
728494
728493
728492
728491
728490
728489
728488
728487
728486
728485
728484
728483
728482
728481
728480
728479
728478
728477
728476
728475
728474
728473
728472
728471
728470
728469
728468
728467
728466
728465
728464
728463
728462
728461
728460
728459
728458
728457
728456
728455
728454
728453
728452
728451
728450
728449
728448
728447
728446
728445
728444
728443
728442
728441
728440
728439
728438
728437
728436
728435
728434
728433
728432
728431
728430
728429
728428
728427
728426
728425
728424
728423
728421
728420
728419
728418
728417
728416
728415
728414
728413
728412
728411
728410
728409
728408
728407
728406
728405
728404
728403
728402
728401
728400
728399
728398
728397
728396
728395
728394
728393
728392
728391
728390
728389
728388
728387
729253
729252
729251
729250
729249
729248
729247
729246
729245
729244
728374
728373
728372
728371
728370
728369
728368
728367
728366
728365
728364
728363
728362
728361
728360
728359
728358
728357
728356
728355
728354
728353
728352
728351
728350
728349
728348
728347
728346
728345
728344
728343
728342
728341
728340
728339
728338
728337
728336
728335
728334
728333
728332
728331
728330
728329
728328
728327
728326
728325
728324
728323
728322
728321
728320
728319
728318
728317
728316
728315
728314
728313
728312
728311
728310
728309
728308
728307
728306
728305
728304
728303
728302
728301
728300
728299
728298
728297
728296
728295
728294
728293
728292
728291
728290
728289
728288
728287
728286
728285
728284
728283
728282
728281
728280
728279
728278
728277
728276
728275
728263
728262
728261
728260
728259
728258
728257
728256
728255
728254
728253
728252
728251
728250
728249
728248
728247
728246
728245
728244
728243
728242
728241
728240
728239
728238
728237
728236
728235
728234
728233
728232
728231
728228
728227
728226
728225
728224
728223
728222
728221
728220
728219
728218
728217
728216
728215
728214
728213
728212
728211
728210
728209
728208
728207
728206
728205
728204
728203
728202
728200
728199
728198
728197
728196
728195
728194
728193
728192
728191
728190
728189
728188
728187
728186
728185
728184
728183
728182
728181
728180
728179
728178
728177
728176
728175
728174
728173
728172
728171
728170
728169
728168
728167
728166
728165
728164
728149
728141
728140
728139
728138
728137
728136
728135
728134
728133
728132
728131
728130
728129
728128
728127
728126
728125
728124
728123
728122
728121
728120
728119
728118
728117
728116
728115
728114
728113
728112
728111
728110
728109
728108
728107
728106
728105
728104
728103
728102
728101
728100
728099
728098
728097
728096
728095
728094
728093
728092
728091
728090
728089
728088
728087
728086
728085
728084
728083
728082
728081
728080
728079
728078
728077
728076
728075
728074
728073
728072
728071
728070
728058
728057
728056
728055
728054
728053
728052
728051
728050
728049
728048
728047
728046
728045
728044
728043
728042
728041
728040
728039
728038
728037
728036
728035
728034
728033
728032
728031
728030
728029
728028
728027
728026
728025
728024
728023
728022
728021
728020
728019
728018
728017
728016
728015
728014
728013
728012
728011
728010
728009
728008
728007
728006
728005
728003
728002
729255
729254
729243
729242
729241
729240
729239
729238
729237
729236
729235
729234
729233
729232
729231
729230
729229
729228
729227
729226
729206
729205
729204
729203
729202
729201
729200
729199
729198
729197
729196
729195
729194
729193
729191
729190
729189
729188
729187
729186
729185
729184
729183
729182
728960
728944
728943
728927
728926
728925
728924
728923
728922
728921
728920
729291
729289
729288
729287
729286
729285
729284
729283
729282
729281
729280
729279
729278
729277
729276
729275
729274
729273
729272
729271
729270
729269
729268
729267
729266
729265
729264
729263
729262
729261
729260
729259
729258
729257
729256
729071
729064
810639
810623
810622
810621
810620
810619
810599
810598
810597
810596
810595
810594
810593
810592
810591
810580
810579
810578
810544
810543
810542
810541
810540
810539
810537
810536
810535
808922
803542
802621
801596
734799
734798
734796
734795
734794
734793
734792
734789
734788
734750
734748
734746
734743
734742
734741
734740
734739
734738
734737
734736
734734
734733
734732
734731
734730
734729
734712
734711
734710
734709
734708
734707
734706
734705
734704
734703
734702
734701
734700
734699
734698
734697
734696
734695
734694
734693
734692
734691
734690
734689
734688
734687
734686
734685
734683
734682
734681
734680
734677
734675
734667
734666
734665
734664
734663
734662
734661
734660
734659
734658
734657
734656
734655
734654
734653
734652
734651
734650
734649
734648
734647
734646
734645
734644
734643
734642
734641
734640
734639
734638
734637
734636
734633
734630
734627
734625
734621
734620
734617
734612
734611
734608
734606
734596
734562
734561
734560
734559
734558
734557
734556
734551
734550
734545
734541
734538
734532
734525
734521
734520
734519
734518
734517
734516
734515
734514
734513
734512
734511
734508
734507
734506
734505
734503
734500
734489
734486
734481
734478
734473
734472
734460
734459
734458
734452
734450
734442
734440
734415
734402
734392
734391
734389
734386
734384
734377
734375
734374
734366
734365
734364
734363
734361
734359
734358
734357
734355
734353
734352
734351
734350
734337
734331
734330
734329
734328
734327
734326
734325
734324
734323
734322
734321
734319
734318
734317
734316
734315
734314
734313
734312
734311
734310
734308
734307
734306
734305
734304
734303
734302
734301
734300
734299
734298
734297
734296
734295
734294
734293
734291
734290
734289
734288
734287
734286
734285
734284
734283
734282
734281
734280
734279
734278
734267
734266
734265
734264
734263
734262
734261
734260
734259
